PSC
91101
02201
96001
03211
03607
01325
023 0
036 0
97205
01354
03221
08212
97221
02801
053 2
97271
019 0
94501
03901
95845
95122
96211
81100
98052
98023
03203
96652
02952
01812
03483
02951
94201
98505
013 6
02314
017 0
97681
01304
92522
05960
962 0
08501
014 0
56802
02964
96206
94131
97215
96671
82105
02335
029 6
04001
02051
75501
95141
09423
96635
05314
97241
05905
68601
05342
03847
927 0
039 0
27201
96237
01854
94067
01334
03212
01351
75201
05918
02944
74801
01853
91901
02946
05601
96504
77600
97244
05305
98055
70020
56201
43606
03303
92552
91323
91307
78391
90638
69145
05571
03215
05311
05972
06501
09422
03803
97696
91304
95195
07204
09101
013 3
010 1
95631
08237
94079
09421
05333
95132
02604
85107
96267
22300
96605
90877
95501
91322
03101
02601
01003
91601
02404
04924
97217
97675
02732
83100
06401
95701
96701
91105
02313
97400
02331
034 8
96223
02745
065 0
01356
01314
94101
02953
90641
026 0
92209
95803
974 0
78901
95854
92581
06732
03812
06801
36006
034 0
12000
06001
02351
92562
06511
03405
01305
91100
93526
90863
68202
972 4
98506
02954
03403
92042
03224
96621
06711
977 0
05951
09433
78313
96623
05376
05552
74258
94912
93701
01707
03231
033 0
97216
07222
085 0
03811
90604
91451
03848
07701
03492
013 5
05952
90021
962 4
75661
08646
86601
93584
065 4
03841
05313
024 0
95611
08273
54211
38001
94301
911 0
94121
05561
81109
95634
91623
78501
76502
06101
98501
97247
03601
92205
01004
93566
06901
97401
08261
94901
03301
96622
023 3
98526
07101
05401
01000
96801
91501
94078
971 0
27801
03852
02741
01901
28911
022 0
96232
01015
96205
05911
83103
05935
96263
92241
01355
96212
90701
77200
034 9
92701
03482
08006
96602
01323
018 4
07221
95640
67401
07214
02061
94162
02941
02333
95703
90201
08201
70400
43801
96101
93039
92532
01802
960 0
969 0
92231
013 1
73997
95613
97652
02055
93101
97661
43601
03851
98545
06781
05906
96241
99103
958 5
93575
68201
92203
981 0
03496
95300
05914
05341
92211
96261
02303
05351
85101
91305
39001
08253
962 5
95637
97668
94655
93502
991 0
95853
90613
913 2
90845
99131
92571
976 6
82102
06741
038 4
99125
03202
01701
92101
91626
94911
96901
02945
07264
913 0
027 4
99107
01801
92001
01841
90851
01302
03232
080 0
02353
02751
07501
97611
93561
029 5
915 0
37901
78701
02721
94110
90101
02352
03495
07801
01342
05912
03205
97701
05941
02304
70100
84102
02071
95621
01319
01822
04916
93532
96225
08612
95171
68604
84105
38601
06735
09412
97411
95618
02403
08642
941 3
04012
03241
08621
78961
92601
04926
95806
03854
91634
01014
038 6
013 2
06745
73901
972 0
94059
01352
93541
91708
02357
049 1
053 1
94063
03804
09301
82108
02311
96201
08235
18100
40001
02322
916 0
95143
53003
94651
032 6
91108
56002
44001
92553
09434
01315
96244
95135
05992
015 0
34350
08641
07201
94144
09001
03844
05205
95602
78985
08001
91951
90501
02001
05921
96501
086 0
94905
02334
03802
01851
94106
02302
96681
68606
94056
08606
97242
91701
07203
03214
75000
93405
02712
97246
02336
03861
92700
06731
01332
958 0
01813
93568
058 0
97227
90602
97231
75111
97225
97223
01863
07215
94058
94615
029 0
97698
94365
05971
04925
93501
69163
92585
98558
69672
02305
93010
94161
04933
92401
92201
96204
050 0
029 4
09409
990 0
99127
61200
79807
05304
03504
07616
95144
50003
97172
75301
96243
02942
73958
95124
01108
28401
01821
90637
91908
95151
75002
07263
03201
90846
821 0
02052
01001
03401
97251
73601
97101
05801
01322
01008
02753
01313
95801
02743
05201
010 0
04801
95841
95301
02742
91401
02355
03242
06773
02301
92202
060 0
96301
01009
02947
01331
97901
065 1
03491
01301
91106
92221
03853
03484
03474
02962
08701
98044
91441
98061
01815
96601
79401
91616
99001
97641
01361
73801
91641
84247
023 5
09431
94132
99122
93001
02341
03473
013 0
03472
038 5
02705
97613
91622
92521
95176
95607
05937
02754
92065
01816
98531
95704
97248
95117
97405
05955
07682
19000
69801
027 1
06712
96981
92503
02321
97634
90703
90632
907 0
03105
972 1
07643
01817
942 0
966 2
04955
04901
01826
97657
92207
97697
03471
965 0
95653
37001
06534
95632
96251
95606
03801
90301
66464
013 4
01831
94105
92600
955 0
06548
04000
39002
95843
07901
01501
03608
02901
95201
74213
02401
01007
97211
01855
01311
97663
03104
01861
031 0
68001
03481
80000
95633
03406
95641
052 0
03823
01013
09003
02955
96615
97212
02755
01303
07301
01401
96202
08901
95601
02356
97226
92705
08271
98101
97201
94342
95804
91332
96265
91325
048 0
04013
68706
94136
094 3
96231
07213
02956
76005
941 0
97222
93201
97224
08301
94701
03842
02943
01312
69681
32801
99128
97229
94142
91624
01011
75645
95638
90025
974 1
08256
02332
90623
01012
02701
91321
91611
25601
01306
98701
07205
972 2
94302
95844
27601
09300
96315
91303
05934
01852
03400
02204
07236
08274
02957
09033
72100
70500
06752
027 5
96653
67904
91907
90801
06503
08205
04471
01316
95617
73543
01864
07631
90871
91927
06777
980 5
08222
020 0
91104
94145
07612
08242
08633
08622
01353
851 0
03223
03603
98555
75900
93524
08263
68754
73982
96603
79305
02744
95852
91627
97232
94051
68751
93401
84100
01362
04011
05938
01324
06601
09303
98401
97213
03822
05901
01341
02354
40011
06512
03261
99106
91333
43401
92400
02312
02345
91700
90901
93521
97245
05931
98201
03846
96900
94061
018 5
01704
97243
54701
91324
08611
81107
94102
95605
90089
95001
97202
02963
97646
97669
05001
90885
94146
03843
05562
96612
020 5
92041
83102
82101
08005
04022
01705
76824
91633
92901
03821
91311
38451
01318
920 4
39301
85100
95173
96611
91933
25268
925 5
82103
07677
087 0
91331
12439
90861
03661
94111
08221
73995
97228
97631
94634
95148
83106
086 4
98503
91308
93601
95622
03204
98403
04936
028 0
76311
023 1
73961
73802
920 0
79383
75701
74221
