9491019250
1485533298
5034744211
2641506441
7706581793
8502875316
7596635827
6331847645
3339815625
5304573266
6354088858
9092585641
4449871862
6043626665
3102242251
2943469282
4952703628
1113541381
1402089393
8173836870
5459369812
6626526551
2531935031
5122427766
2299281139
5918177388
8604074196
6061531532
4514477620
1167882325
6495107791
8464412809
2592686739
5913554715
2741709794
6512972714
6315446177
2613526022
5754676806
5042771272
6279210999
2204951269
3916579383
2014772115
8877259655
7265513011
5085563276
9897167377
8699995213
4125838590
8172743127
6003097627
3715828733
6132745921
9045821102
1773686430
1845483676
6927894147
4743770769
3669534767
8023175114
6512195808
3764421976
1405529777
7061690318
7854771555
5924399481
8564433154
1134101482
7205035300
2596229120
9859965517
2394927383
9276589418
1161832091
1671835790
4226455278
4785848984
5023894387
1844570737
7075752403
4656478173
5186115212
9928657433
4648520779
9927364076
4307448014
3732204870
1659693438
1323632446
8908778508
2107761243
9299426320
1401124061
9641982733
5538818626
1401442065
5614337566
5781174914
2436509867
6894326072
9375741052
7222060281
4141610676
4709872887
2372072401
5341594786
8461685468
5835069205
7789531871
8903916030
7315570564
9524297104
9365440858
7566309605
8587175919
1179684876
4968623439
4051856535
9614840063
6736334291
8216118912
9355376868
1094860934
4294855018
7708030970
9305796026
2256668654
6325590843
1396606187
2884652868
9172757421
3684616114
8644389728
8998813934
4776346395
7562111152
4084966438
1926782079
3453866177
6571215698
1554523773
6992114524
7229458361
7103244696
7422442136
3436560384
6765413001
1182622529
3339792326
3364723985
1178572439
3229832665
2203178581
7039165238
2689719575
2218983985
7472169068
7612671539
4074621273
9256293301
8371007938
2555407494
2513674931
7383743387
5277291281
3421310274
4517304964
6879068792
1463164974
1479598607
5057938220
1615303537
1447231866
2323427184
9914994402
6082058251
2022876462
4837019756
4388554322
9427039533
4413320440
6796984252
2013008911
9689881587
1323925321
2596438526
9164637560
7636436962
1982917770
4051222760
9671864397
4085873894
1816831943
9326206824
8852811112
1317153285
1621930188
7689273696
5014543776
1375742045
5085096776
2514418221
1157504865
5139539542
7843583028
2937783986
1556044309
1912291398
8924944240
1355042127
7267624299
8193359248
3577009367
5853807936
3319166371
3409200119
1967086784
1084429017
5683503943
8394079050
9219982781
8088039590
4478748196
4763616094
8021969937
2946623586
9086080004
9485984934
1537769674
3942183188
5526893682
1672090235
7058215727
4376337312
2405991522
7484954471
2351354849
5797703770
8928309364
9364940188
6751342854
4733295767
2318680856
6002233953
8604731619
6869823149
1547207449
4109450263
8562558477
6016866397
5268748581
7249754963
8126462990
1299812460
9259296925
6962145211
8758834547
5035561761
6705526685
9337124674
9598944564
5523963941
8422462718
1512676188
7113715858
1045630282
2661284395
3021162452
4049700524
8217989321
3106092444
3432353367
7295790878
9486355099
3289913759
2391010575
7857074377
9805100882
5586825491
4109405649
3119762467
5994553816
1326155651
5934451676
2096948132
4597009461
8099450824
4609105450
5163221418
9557365407
6297219386
4452165752
6279351859
8562047980
8263609148
6732547587
4461034255
4546073776
6363285356
7496412137
2439753809
8483750950
4208802480
6815767201
8994940996
7711212534
3833304459
8911056070
8246103387
6901522634
7594869681
6832573105
4874460249
8039448934
4758089658
8486546244
8159291233
2498588407
4636363807
9797508145
8204976364
4018290247
2061176808
2771832314
3646473917
3002496821
7207691014
6241859154
4353362262
6474783761
4128409565
7727788024
2002177760
3596595312
3632047216
8766120414
5333683137
6721099228
8968873559
9142055281
5924286644
7773275004
5375479756
1961445641
2859406952
9356617608
5194842228
2949775185
3875574498
2747012499
6272227528
1655605335
4056794622
8994447092
4442049403
7548202409
7927256558
6185124653
1057610120
5225042715
9431631253
9914421297
2416993722
1681932611
6681360146
9709532525
1336492402
9929848408
2165386995
2307365324
4419940868
3518414879
1242400161
6446893708
3736857238
4515609656
1725616390
8853721332
2756515267
2318454474
3504499156
2643541088
5438272378
2582836358
7478086851
3395901741
6977834348
2185908786
7294493600
3254531796
5072835759
8614491741
4803242090
9311956734
9073547123
9514384469
4205094404
5341871230
1963288786
3988606780
2331001316
7145314145
8106248380
6531888581
7922563733
9259410555
6048718907
8615279414
4132086518
4147095083
5437007402
8239005083
6908639495
9721044615
3962221266
4733340930
1881456459
7686706715
4908746789
8293319913
8761822191
2509961879
7482361147
8446701282
7848311122
3405459018
2227135504
3594545565
5798986331
3291269422
1875759664
4102825912
1382434309
3582217379
1989282268
5953446173
9459956084
5354591291
4745832079
8692924260
9794751371
7817107182
7266675793
3034802464
6509323001
2498943292
1769641075
3093807144
3997852041
2211819496
2426924699
6886942607
4457624033
3251180610
3809862574
7262477608
6439504431
7003324007
5115695441
3399723604
3631528434
2899084620
5372910415
3086073455
3347837681
3841770106
6335566212
1934130760
2403768303
3169391686
3112702242
8246616491
3648116629
8766428517
4135254112
8482797715
3156235544
2069109598
9041713413
1544843295
7046197078
7608303781
2191930749
7447463794
5082105384
1815285190
6956932909
2097918155
6625098568
5056982211
5499908690
9037239251
5405599622
4083465873
9304436521
9068882827
9907445044
3759807919
9176774856
6397551949
6135898853
7012281191
1261218848
3795567806
5318448275
8623884015
1345468650
7393661833
3346238726
2978138064
4411737189
4056153471
5365980704
6019267439
6327205101
7477222915
9928216590
2492826506
5717696833
2018624843
5022345351
9626355947
1004927042
9143277391
6197786312
8684066141
9307535425
8702445848
9847264544
2083422756
8004267007
4133016250
7359983004
6218167367
1974438953
6161489763
4904562030
1281747081
4335771937
7013749027
9017343162
7901755644
3173137476
9777110214
8504717048
3516839207
5595939409
1118364194
1887756995
3099403000
6413155082
3592520817
5566883982
3801192486
5487971629
8682473924
6972332161
2592472796
7316989050
6333483245
3637147076
8317050969
8645972389
6015225899
1635958152
6177462082
3426168583
9909937947
8446905986
9239527068
5473036578
8184593717
8925473447
8552244581
3262457671
3751187444
4923571425
2328602995
2149518704
9253421571
5013489288
7666433062
9949307639
5394010837
4075184673
2336957184
4569096893
2905104046
1476613332
1061000278
4437709886
1056348309
9595630475
5062061196
3374319609
4029550016
9092871418
2776189391
4842630552
4646470375
4163565854
8397990575
6916722342
4172765859
3841217847
7622062063
9169053584
9332156723
7172989454
8179953179
3724916980
8162033390
7086748334
2392850885
4005787590
7852633015
1332856420
6217113320
6989900996
2991403339
7591157111
4332857011
6639760237
6086328497
9464598848
2024077118
8398580221
7244005812
7746674959
5574206474
6117212768
1339336712
2138787322
1025589879
6007603194
3029576213
2112309508
8588987748
5843340864
3122442194
6266829210
7071252490
7287400950
6913562124
3765801886
8832842482
1806222814
3536459540
8185632622
5021762547
8872693599
7358727590
1629773103
9358884009
7374023770
1571094593
2952985329
1035385674
7097025622
7435594541
5789454789
1414325488
6233313854
1198550631
5452461437
6969231061
3925133843
3908326947
9186403632
6953973877
5901552893
5185025953
6715784535
7883641669
2581146942
4701172567
9057684219
3181896560
8291810890
2869063248
9486389507
8807325148
2469558519
6649877173
1075610697
1581885330
7582245450
9053879684
7574360847
4134707077
3381162017
2051931526
9631802017
7512682923
5558926116
7819607248
3825564951
7297556182
4835520111
9576433472
7905895852
9082841560
1377542144
4436938062
8956197171
8485670566
4421898817
9237737150
8839801885
4002484650
8808257229
2299559973
2371103710
8494496193
5718117693
8797083298
1762268626
9122658819
4116752560
6661908074
7557369925
9442820201
5742576825
8215104769
2546693095
6409715201
4017326998
7717051768
3188159474
5929157607
9279831998
7357743153
5689409807
4241941014
6557847649
3269690998
2618809361
1862534108
1616977660
3109737365
7011864068
6554807022
2629842086
7479021712
9268133833
2713034428
9424271512
7462587779
4809578874
7842423723
1083600065
7393599993
9258194268
9931192818
3917088374
4956040486
5699168897
4626204127
6625342482
2727747529
4762116495
3554285521
4501203689
5405304125
7511784913
6672828366
5668799426
2686435277
1245347841
1721886119
1529631249
7666950127
7584487160
8033423409
6756229848
2914774909
5407223445
2657123484
5031603078
7088280961
3756640378
7896088047
2729748509
2366652050
9807583802
2212781788
2281163304
2592868279
6027764526
2854752517
1392661960
9538537192
1509195161
9743896852
6194055829
4446036180
4819506573
7924751777
6695623961
7614512953
5583568334
3378942879
4167795473
4695178423
5857216975
7109904469
9836554166
5725110585
6096411212
9137884397
3286924919
2331177999
7894573435
1013706402
5288563689
2805609470
3265480566
6873268505
4327777895
8589371078
3538060575
7783991401
4897453653
4793267574
9523550752
6131947621
6241428887
3047654532
2704330598
4095203565
9252731529
7238395983
3573838672
1528169671
2722261322
3114877423
4142468497
1104526504
6793969455
4424027191
6315976391
6172401548
2286479874
6817394943
8643436323
6235427379
3307431556
9722536098
1677565191
3152726968
8962173931
7137150626
7929540706
7061929712
5308530881
8269611569
2806697531
1772906699
6592110215
2361517632
9318972064
7191006079
8674778282
8584016870
4538866746
4521302323
3906021216
3239219387
5283875665
4145832684
1896651804
9424638921
5592574151
9019331611
9557651100
2931795767
5428096343
8335919107
7804752553
5863720855
8849252631
4791157353
9212968455
8811507584
8165903331
3595018080
7041601200
9638017223
9983749236
8452590379
7218309267
6209842492
3576027917
4849148580
5994941230
9882544553
4644561365
2098783964
1177223322
1176398345
5343430011
4395989077
4102408752
6138430020
7069665520
9716134567
7027842911
9116333209
3771513760
7864701257
8642143633
2176349279
1349374380
3137675531
6728785661
9907077477
9142864390
5995218045
2521438741
5396351128
8069500951
8544969750
9539834536
3229160986
8996547411
1352926091
4868277121
7154710485
1408669061
6627387390
7798354712
8157907238
3063436574
7889967917
3926786938
8828772549
5545199429
3841600404
4264975667
2335273331
8724399699
9397165890
8965031057
9263143596
8809439915
7793420802
2794949049
4832247175
1192796730
7216680623
6466460050
2674142535
6118370546
5867136050
8956695839
3388125358
7832661930
8222737089
4565006962
5369718188
6094707838
6175487381
5702830238
8462732816
1076471581
7664820846
3191964352
6848991978
2351750388
5171928864
9154030937
1466515220
2736590811
4419611443
8803151385
9402717394
9038835602
6963927420
8993813643
4152410107
1931350909
1574327062
3504671513
7989294391
5212354030
1362932586
7349540570
1003224804
4786151556
5372551004
7861583100
7297849115
1944812414
6365996415
4932572174
8753518744
7985901228
1954686115
1771460110
